[init]

angle=0

[obstacles]


obst0.point=-65834.14149520185 2572.3592788598326
obst0.point=-46846.54824094789 2572.3592788598326
obst0.point=-46846.54824094789 21559.9525331138
obst0.point=-65834.14149520185 21559.9525331138



obst1.point=38708.89150100574 55451.63984935677
obst1.point=60050.64671110589 55451.63984935677
obst1.point=60050.64671110589 76793.39505945692
obst1.point=38708.89150100574 76793.39505945692



obst2.point=-44187.49121838533 54237.119081736804
obst2.point=-22423.709313721836 54237.119081736804
obst2.point=-22423.709313721836 76000.90098640029
obst2.point=-44187.49121838533 76000.90098640029



obst3.point=8554.235857261128 -2665.3376554784754
obst3.point=25005.866266681216 -2665.3376554784754
obst3.point=25005.866266681216 13786.29275394161
obst3.point=8554.235857261128 13786.29275394161



obst4.point=-80111.3124704191 42753.822381849066
obst4.point=-61232.16783245519 42753.822381849066
obst4.point=-61232.16783245519 61632.967019812975
obst4.point=-80111.3124704191 61632.967019812975



obst5.point=-56362.042015311556 -22953.41104413728
obst5.point=-38791.03593585671 -22953.41104413728
obst5.point=-38791.03593585671 -5382.404964682439
obst5.point=-56362.042015311556 -5382.404964682439



obst6.point=6006.881019541628 -43786.52400521969
obst6.point=29197.73250187999 -43786.52400521969
obst6.point=29197.73250187999 -20595.67252288133
obst6.point=6006.881019541628 -20595.67252288133



obst7.point=35676.053125391365 -44133.58309335619
obst7.point=56208.93591225895 -44133.58309335619
obst7.point=56208.93591225895 -23600.7003064886
obst7.point=35676.053125391365 -23600.7003064886



obst8.point=-41379.114159066274 12273.650995834982
obst8.point=-21674.32810184769 12273.650995834982
obst8.point=-21674.32810184769 31978.437053053563
obst8.point=-41379.114159066274 31978.437053053563



obst9.point=-56530.881921296226 36343.78462585628
obst9.point=-38958.113152564256 36343.78462585628
obst9.point=-38958.113152564256 53916.55339458825
obst9.point=-56530.881921296226 53916.55339458825



obst10.point=-37543.709164077205 -31495.66609107746
obst10.point=-19485.77035347616 -31495.66609107746
obst10.point=-19485.77035347616 -13437.727280476416
obst10.point=-37543.709164077205 -13437.727280476416



obst11.point=31825.2711559871 -21856.36910081853
obst11.point=50257.56482540081 -21856.36910081853
obst11.point=50257.56482540081 -3424.075431404821
obst11.point=31825.2711559871 -3424.075431404821



obst12.point=-19264.11108683799 21433.74826125898
obst12.point=1906.6190586324537 21433.74826125898
obst12.point=1906.6190586324537 42604.478406729424
obst12.point=-19264.11108683799 42604.478406729424



obst13.point=-23051.679927600573 -56940.28484674325
obst13.point=-3978.9555454610854 -56940.28484674325
obst13.point=-3978.9555454610854 -37867.56046460377
obst13.point=-23051.679927600573 -37867.56046460377



obst14.point=37411.87488887723 21337.29132975892
obst14.point=55805.112326467184 21337.29132975892
obst14.point=55805.112326467184 39730.52876734887
obst14.point=37411.87488887723 39730.52876734887



