[init]

angle=0

[obstacles]


obst0.point=18722.679295373022 13071.927748503385
obst0.point=36739.95456970054 13071.927748503385
obst0.point=36739.95456970054 31089.203022830898
obst0.point=18722.679295373022 31089.203022830898



obst1.point=4315.496537236379 -5146.537436871333
obst1.point=22210.691132866952 -5146.537436871333
obst1.point=22210.691132866952 12748.657158759243
obst1.point=4315.496537236379 12748.657158759243



obst2.point=29682.112282386744 -57825.53684793187
obst2.point=46464.72919698758 -57825.53684793187
obst2.point=46464.72919698758 -41042.919933331024
obst2.point=29682.112282386744 -41042.919933331024



obst3.point=-46250.985763813595 -27366.39433458008
obst3.point=-26128.424995852467 -27366.39433458008
obst3.point=-26128.424995852467 -7243.833566618958
obst3.point=-46250.985763813595 -7243.833566618958



obst4.point=-3161.1643886678503 -26960.40295042281
obst4.point=15820.75152373506 -26960.40295042281
obst4.point=15820.75152373506 -7978.487038019899
obst4.point=-3161.1643886678503 -7978.487038019899



obst5.point=-73798.13467306859 -24359.362548240893
obst5.point=-56146.36575479701 -24359.362548240893
obst5.point=-56146.36575479701 -6707.593629969302
obst5.point=-73798.13467306859 -6707.593629969302



obst6.point=12765.917001986183 32752.158587174963
obst6.point=31814.703274087275 32752.158587174963
obst6.point=31814.703274087275 51800.94485927605
obst6.point=12765.917001986183 51800.94485927605



obst7.point=-46186.97494305197 -48709.412275235256
obst7.point=-26704.748686839503 -48709.412275235256
obst7.point=-26704.748686839503 -29227.186019022778
obst7.point=-46186.97494305197 -29227.186019022778



obst8.point=-32695.44092531513 23646.752210395258
obst8.point=-12204.624888406519 23646.752210395258
obst8.point=-12204.624888406519 44137.56824730387
obst8.point=-32695.44092531513 44137.56824730387



obst9.point=-66865.92880011741 15945.845596843701
obst9.point=-46532.80361940335 15945.845596843701
obst9.point=-46532.80361940335 36278.97077755777
obst9.point=-66865.92880011741 36278.97077755777



obst10.point=-31836.237334777677 45566.906477364246
obst10.point=-12280.398660266055 45566.906477364246
obst10.point=-12280.398660266055 65122.74515187586
obst10.point=-31836.237334777677 65122.74515187586



obst11.point=-75857.75036690173 48256.34768690066
obst11.point=-54502.424742924595 48256.34768690066
obst11.point=-54502.424742924595 69611.6733108778
obst11.point=-75857.75036690173 69611.6733108778



obst12.point=-46178.24958418295 -775.7901176750784
obst12.point=-25350.596602322385 -775.7901176750784
obst12.point=-25350.596602322385 20051.862864185492
obst12.point=-46178.24958418295 20051.862864185492



obst13.point=34611.917502318574 50954.154303770316
obst13.point=56824.41650044469 50954.154303770316
obst13.point=56824.41650044469 73166.65330189644
obst13.point=34611.917502318574 73166.65330189644



